candidate_width,reduction_target,method,seed,status,feasible,total_cost_cny,cost_premium_percent,emissions_kg,achieved_reduction_percent,tonne_weighted_transit_hours,max_departure_utilization,departures_at_least_90pct,used_clean_departures,restarts,generations_completed,termination_reason,ga_candidate_evaluations,archive_candidate_evaluations
6,0.0,archive-only,,feasible-heuristic,True,78221.03302687149,-2.220446049250313e-14,64706.97535,-2.220446049250313e-14,16.630763686131388,0,0,0,0,0,archive-only,289,0
6,0.0,fixed,0,feasible-heuristic,True,79099.17260626749,1.122638688617572,64812.93574999999,-0.1637542157191918,16.657997262773726,0,0,0,0,60,generation-budget,2400,0
6,0.0,fixed,1,feasible-heuristic,True,78610.3947455325,0.49777112829387793,65146.88425,-0.6798477252576651,16.743827554744527,0,0,0,0,60,generation-budget,2400,0
6,0.0,fixed,2,feasible-heuristic,True,78760.20656372447,0.6892948302891,65277.86505,-0.8822691787277348,16.777491788321164,0,0,0,0,60,generation-budget,2400,0
6,0.0,fixed,3,feasible-heuristic,True,79007.97022933199,1.0060429682514416,64853.366799999996,-0.22623751026558114,16.691227493917275,0.5,0,1,0,60,generation-budget,2400,0
6,0.0,fixed,4,feasible-heuristic,True,78732.28656433048,0.6536011066017755,65024.45445,-0.49064123038167207,16.891041666666666,0.5,0,1,0,60,generation-budget,2400,0
6,0.0,adaptive,0,feasible-heuristic,True,79429.57977683099,1.5450406408520578,65262.0919,-0.8578929041225924,16.85565571776156,0.5,0,1,0,60,generation-budget,2400,0
6,0.0,adaptive,1,feasible-heuristic,True,78737.40149032549,0.6601401739051438,64630.479949999986,0.11821816672197283,16.611103102189784,0,0,0,0,60,generation-budget,2400,0
6,0.0,adaptive,2,feasible-heuristic,True,78546.25821798848,0.41577716188592184,65055.03865,-0.5379069228894418,16.72022171532847,0,0,0,0,60,generation-budget,2400,0
6,0.0,adaptive,3,feasible-heuristic,True,78806.05497957348,0.7479087530089412,64764.75515,-0.08929454620227872,16.645614051094892,0,0,0,0,60,generation-budget,2400,0
6,0.0,adaptive,4,feasible-heuristic,True,79327.82646971101,1.4149563103561746,64891.05389999999,-0.2844802264428514,17.12286374695864,0.75,0,4,0,60,generation-budget,2400,0
6,0.0,catastrophe,0,feasible-heuristic,True,79099.17260626749,1.122638688617572,64812.93574999999,-0.1637542157191918,16.657997262773726,0,0,0,0,60,generation-budget,2400,0
6,0.0,catastrophe,1,feasible-heuristic,True,78610.3947455325,0.49777112829387793,65146.88425,-0.6798477252576651,16.743827554744527,0,0,0,0,60,generation-budget,2400,0
6,0.0,catastrophe,2,feasible-heuristic,True,78760.20656372447,0.6892948302891,65277.86505,-0.8822691787277348,16.777491788321164,0,0,0,0,60,generation-budget,2400,0
6,0.0,catastrophe,3,feasible-heuristic,True,79007.97022933199,1.0060429682514416,64853.366799999996,-0.22623751026558114,16.691227493917275,0.5,0,1,0,60,generation-budget,2400,0
6,0.0,catastrophe,4,feasible-heuristic,True,78732.28656433048,0.6536011066017755,65024.45445,-0.49064123038167207,16.891041666666666,0.5,0,1,0,60,generation-budget,2400,0
6,0.0,combined,0,feasible-heuristic,True,79429.57977683099,1.5450406408520578,65262.0919,-0.8578929041225924,16.85565571776156,0.5,0,1,0,60,generation-budget,2400,0
6,0.0,combined,1,feasible-heuristic,True,78737.40149032549,0.6601401739051438,64630.479949999986,0.11821816672197283,16.611103102189784,0,0,0,0,60,generation-budget,2400,0
6,0.0,combined,2,feasible-heuristic,True,78546.25821798848,0.41577716188592184,65055.03865,-0.5379069228894418,16.72022171532847,0,0,0,0,60,generation-budget,2400,0
6,0.0,combined,3,feasible-heuristic,True,78806.05497957348,0.7479087530089412,64764.75515,-0.08929454620227872,16.645614051094892,0,0,0,0,60,generation-budget,2400,0
6,0.0,combined,4,feasible-heuristic,True,79327.82646971101,1.4149563103561746,64891.05389999999,-0.2844802264428514,17.12286374695864,0.75,0,4,0,60,generation-budget,2400,0
6,0.0,heuristic+ga,0,feasible-heuristic,True,78221.03302687149,-2.220446049250313e-14,64706.97535,-2.220446049250313e-14,16.630763686131388,0,0,0,0,1,objective-lower-bound-reached,40,0
6,0.0,heuristic+ga,1,feasible-heuristic,True,78221.03302687149,-2.220446049250313e-14,64706.97535,-2.220446049250313e-14,16.630763686131388,0,0,0,0,1,objective-lower-bound-reached,40,0
6,0.0,heuristic+ga,2,feasible-heuristic,True,78221.03302687149,-2.220446049250313e-14,64706.97535,-2.220446049250313e-14,16.630763686131388,0,0,0,0,1,objective-lower-bound-reached,40,0
6,0.0,heuristic+ga,3,feasible-heuristic,True,78221.03302687149,-2.220446049250313e-14,64706.97535,-2.220446049250313e-14,16.630763686131388,0,0,0,0,1,objective-lower-bound-reached,40,0
6,0.0,heuristic+ga,4,feasible-heuristic,True,78221.03302687149,-2.220446049250313e-14,64706.97535,-2.220446049250313e-14,16.630763686131388,0,0,0,0,1,objective-lower-bound-reached,40,0
6,0.095,archive-only,,feasible-heuristic,True,92908.86183863952,18.777339346467414,57401.99854999998,11.289318903390855,22.634749087591246,1.0,6,7,0,0,archive-only,3649,0
6,0.095,fixed,0,feasible-heuristic,True,95471.06185494848,22.052928938116967,58230.34265000001,10.00917237278961,23.537896897810228,1.0,3,18,0,60,generation-budget,2400,0
6,0.095,fixed,1,feasible-heuristic,True,93586.52480606247,19.643683015426827,58017.83124999999,10.337593534264933,22.81513290754258,1.0,5,12,0,60,generation-budget,2400,0
6,0.095,fixed,2,feasible-heuristic,True,93921.13935442052,20.07146379945597,58545.19544999999,9.52258990112107,23.78929349148419,1.0,7,18,0,60,generation-budget,2400,0
6,0.095,fixed,3,feasible-heuristic,True,93228.207191335,19.185599555183618,58426.11649999998,9.706617897107462,22.181940085158153,1.0,5,12,0,60,generation-budget,2400,0
6,0.095,fixed,4,feasible-heuristic,True,95078.18071998797,21.550658487628873,58470.951199999996,9.637329076609358,24.201658759124097,1.0,9,19,0,60,generation-budget,2400,0
6,0.095,adaptive,0,feasible-heuristic,True,94885.94528285951,21.30489922098453,58368.07654999999,9.796314486518497,23.464994829683704,1.0,4,17,0,60,generation-budget,2400,0
6,0.095,adaptive,1,feasible-heuristic,True,94114.84628537,20.31910426577779,58504.46299999999,9.585538987799413,22.844383819951336,1.0,9,14,0,60,generation-budget,2400,0
6,0.095,adaptive,2,feasible-heuristic,True,94162.7836817325,20.380388800777503,58370.764249999986,9.792160838499164,23.164883515815088,1.0,5,15,0,60,generation-budget,2400,0
6,0.095,adaptive,3,feasible-heuristic,True,94928.76532582048,21.35964158541517,57708.05544999999,10.816329865741437,23.15350030413626,1.0,6,13,0,60,generation-budget,2400,0
6,0.095,adaptive,4,feasible-heuristic,True,94112.21762775244,20.315743714892886,58556.662249999994,9.504868782280361,22.447714416058393,1.0,5,14,0,60,generation-budget,2400,0
6,0.095,catastrophe,0,feasible-heuristic,True,95471.06185494848,22.052928938116967,58230.34265000001,10.00917237278961,23.537896897810228,1.0,3,18,0,60,generation-budget,2400,0
6,0.095,catastrophe,1,feasible-heuristic,True,93586.52480606247,19.643683015426827,58017.83124999999,10.337593534264933,22.81513290754258,1.0,5,12,0,60,generation-budget,2400,0
6,0.095,catastrophe,2,feasible-heuristic,True,93921.13935442052,20.07146379945597,58545.19544999999,9.52258990112107,23.78929349148419,1.0,7,18,0,60,generation-budget,2400,0
6,0.095,catastrophe,3,feasible-heuristic,True,93228.207191335,19.185599555183618,58426.11649999998,9.706617897107462,22.181940085158153,1.0,5,12,0,60,generation-budget,2400,0
6,0.095,catastrophe,4,feasible-heuristic,True,95078.18071998797,21.550658487628873,58470.951199999996,9.637329076609358,24.201658759124097,1.0,9,19,0,60,generation-budget,2400,0
6,0.095,combined,0,feasible-heuristic,True,94885.94528285951,21.30489922098453,58368.07654999999,9.796314486518497,23.464994829683704,1.0,4,17,0,60,generation-budget,2400,0
6,0.095,combined,1,feasible-heuristic,True,94114.84628537,20.31910426577779,58504.46299999999,9.585538987799413,22.844383819951336,1.0,9,14,0,60,generation-budget,2400,0
6,0.095,combined,2,feasible-heuristic,True,94162.7836817325,20.380388800777503,58370.764249999986,9.792160838499164,23.164883515815088,1.0,5,15,0,60,generation-budget,2400,0
6,0.095,combined,3,feasible-heuristic,True,94928.76532582048,21.35964158541517,57708.05544999999,10.816329865741437,23.15350030413626,1.0,6,13,0,60,generation-budget,2400,0
6,0.095,combined,4,feasible-heuristic,True,94112.21762775244,20.315743714892886,58556.662249999994,9.504868782280361,22.447714416058393,1.0,5,14,0,60,generation-budget,2400,0
6,0.095,heuristic+ga,0,feasible-heuristic,True,91131.5768863015,16.505207563539592,58464.28234999998,9.647635307064329,22.190874391727498,1.0,5,7,1,60,generation-budget,2400,0
6,0.095,heuristic+ga,1,feasible-heuristic,True,91086.8621937235,16.448043024990678,58434.59014999999,9.693522477403215,22.183243004866185,1.0,5,7,3,60,generation-budget,2400,0
6,0.095,heuristic+ga,2,feasible-heuristic,True,91086.8621937235,16.448043024990678,58434.59014999999,9.693522477403215,22.183243004866185,1.0,5,7,1,60,generation-budget,2400,0
6,0.095,heuristic+ga,3,feasible-heuristic,True,90897.20562678401,16.20558065956228,58547.921599999994,9.518376831378195,21.648587591240876,1.0,3,8,3,60,generation-budget,2400,0
6,0.095,heuristic+ga,4,feasible-heuristic,True,91086.8621937235,16.448043024990678,58434.59014999999,9.693522477403215,22.183243004866185,1.0,5,7,1,60,generation-budget,2400,0
6,0.2,archive-only,,feasible-heuristic,True,107387.79444929952,37.28761983034443,51272.43254999999,20.762124527274793,28.45507268856449,1.0,12,17,0,0,archive-only,4849,0
6,0.2,fixed,0,feasible-heuristic,True,110017.49938478248,40.64950963635041,51739.20924999999,20.040754539765395,29.34332633819951,1.0,10,24,0,60,generation-budget,2400,0
6,0.2,fixed,1,feasible-heuristic,True,109623.99941419401,40.14644804874228,51731.930599999985,20.052003172483335,29.051649635036497,1.0,16,21,0,60,generation-budget,2400,0
6,0.2,fixed,2,feasible-heuristic,True,111614.38140269999,42.69100916163657,51702.22999999999,20.097903324421118,29.544718369829678,1.0,13,28,0,60,generation-budget,2400,0
6,0.2,fixed,3,feasible-heuristic,True,111075.14198700301,42.00163010995397,51742.1247,20.036248920418743,30.885729927007297,1.0,12,29,0,60,generation-budget,2400,0
6,0.2,fixed,4,feasible-heuristic,True,109757.82919102549,40.3175398531493,51746.65994999997,20.029240016084326,28.828171228710477,1.0,10,23,0,60,generation-budget,2400,0
6,0.2,adaptive,0,feasible-heuristic,True,110252.1387478385,40.94947929153947,51751.42864999999,20.02187033148043,30.55677189781021,1.0,9,34,0,60,generation-budget,2400,0
6,0.2,adaptive,1,feasible-heuristic,True,109352.61400393551,39.79950119857057,51759.36894999999,20.009599166034896,29.41911587591242,1.0,13,22,0,60,generation-budget,2400,0
6,0.2,adaptive,2,feasible-heuristic,True,111781.11260301502,42.90416308439,51718.823499999984,20.072259257594883,30.490579683698304,1.0,14,28,0,60,generation-budget,2400,0
6,0.2,adaptive,3,feasible-heuristic,True,110036.43723885847,40.673720329233355,51635.95164999999,20.200331771495804,30.154778284671536,1.0,14,29,0,60,generation-budget,2400,0
6,0.2,adaptive,4,feasible-heuristic,True,108935.86143032851,39.266712819946335,51746.054649999984,20.0301754639193,29.523947992700734,1.0,10,26,0,60,generation-budget,2400,0
6,0.2,catastrophe,0,feasible-heuristic,True,110017.49938478248,40.64950963635041,51739.20924999999,20.040754539765395,29.34332633819951,1.0,10,24,0,60,generation-budget,2400,0
6,0.2,catastrophe,1,feasible-heuristic,True,109623.99941419401,40.14644804874228,51731.930599999985,20.052003172483335,29.051649635036497,1.0,16,21,0,60,generation-budget,2400,0
6,0.2,catastrophe,2,feasible-heuristic,True,111614.38140269999,42.69100916163657,51702.22999999999,20.097903324421118,29.544718369829678,1.0,13,28,0,60,generation-budget,2400,0
6,0.2,catastrophe,3,feasible-heuristic,True,111075.14198700301,42.00163010995397,51742.1247,20.036248920418743,30.885729927007297,1.0,12,29,0,60,generation-budget,2400,0
6,0.2,catastrophe,4,feasible-heuristic,True,109757.82919102549,40.3175398531493,51746.65994999997,20.029240016084326,28.828171228710477,1.0,10,23,0,60,generation-budget,2400,0
6,0.2,combined,0,feasible-heuristic,True,110252.1387478385,40.94947929153947,51751.42864999999,20.02187033148043,30.55677189781021,1.0,9,34,0,60,generation-budget,2400,0
6,0.2,combined,1,feasible-heuristic,True,109352.61400393551,39.79950119857057,51759.36894999999,20.009599166034896,29.41911587591242,1.0,13,22,0,60,generation-budget,2400,0
6,0.2,combined,2,feasible-heuristic,True,111781.11260301502,42.90416308439,51718.823499999984,20.072259257594883,30.490579683698304,1.0,14,28,0,60,generation-budget,2400,0
6,0.2,combined,3,feasible-heuristic,True,110036.43723885847,40.673720329233355,51635.95164999999,20.200331771495804,30.154778284671536,1.0,14,29,0,60,generation-budget,2400,0
6,0.2,combined,4,feasible-heuristic,True,108935.86143032851,39.266712819946335,51746.054649999984,20.0301754639193,29.523947992700734,1.0,10,26,0,60,generation-budget,2400,0
6,0.2,heuristic+ga,0,feasible-heuristic,True,106899.5404607675,36.663422003189325,51764.985749999985,20.0009188035707,28.20653315085159,1.0,12,19,2,60,generation-budget,2400,0
6,0.2,heuristic+ga,1,feasible-heuristic,True,107006.41754301652,36.80005671397395,51545.23584999998,20.340526548812043,28.52518765206814,1.0,12,17,3,60,generation-budget,2400,0
6,0.2,heuristic+ga,2,feasible-heuristic,True,106651.46485149453,36.346275067546394,51735.83804999999,20.04596448812377,28.761945559610716,1.0,12,18,2,60,generation-budget,2400,0
6,0.2,heuristic+ga,3,feasible-heuristic,True,106792.4899073465,36.526565521909895,51699.55284999998,20.102040668170428,28.33890176399028,1.0,12,17,2,60,generation-budget,2400,0
6,0.2,heuristic+ga,4,feasible-heuristic,True,107006.41754301652,36.80005671397395,51545.23584999998,20.340526548812043,28.52518765206814,1.0,12,17,1,60,generation-budget,2400,0
6,0.3,archive-only,,feasible-heuristic,True,124692.83485338603,59.41087713652404,44425.8114,31.343087573324503,35.6445790754258,1.0,18,33,0,0,archive-only,6769,0
6,0.3,fixed,0,feasible-heuristic,True,126837.23455463751,62.15233888699059,45276.098750000005,30.029029320097855,36.68925030413625,1.0,17,45,0,60,generation-budget,2400,0
6,0.3,fixed,1,feasible-heuristic,True,126782.11240789751,62.081869162151925,45268.52275,30.040737485962556,35.974351277372264,1.0,21,41,0,60,generation-budget,2400,0
6,0.3,fixed,2,feasible-heuristic,True,126667.799780147,61.9357286378875,45284.910299999996,30.015411700123607,37.05729136253041,1.0,22,42,0,60,generation-budget,2400,0
6,0.3,fixed,3,feasible-heuristic,True,126418.70728577152,61.61728168732128,45291.08535,30.005868602232532,36.61372049878346,1.0,20,45,0,60,generation-budget,2400,0
6,0.3,fixed,4,feasible-heuristic,True,125434.44542131304,60.358973242174095,45271.44369999999,30.036223366759497,35.07462834549879,1.0,20,40,0,60,generation-budget,2400,0
6,0.3,adaptive,0,feasible-heuristic,True,126808.76736908301,62.1159456249063,45263.416699999994,30.048628520850805,36.59790450121655,1.0,17,43,0,60,generation-budget,2400,0
6,0.3,adaptive,1,feasible-heuristic,True,126340.88009234052,61.51778518309552,45261.90344999999,30.05096714043829,35.34183302919708,1.0,22,34,0,60,generation-budget,2400,0
6,0.3,adaptive,2,feasible-heuristic,True,127734.14142098698,63.29897021061597,45283.076299999986,30.018246015883363,37.129953771289536,1.0,21,44,0,60,generation-budget,2400,0
6,0.3,adaptive,3,feasible-heuristic,True,127495.8882804975,62.994380599267274,45277.51274999998,30.026844084283123,35.91773448905109,1.0,20,44,0,60,generation-budget,2400,0
6,0.3,adaptive,4,feasible-heuristic,True,127283.12198350704,62.72237409570018,45263.57429999998,30.048384961328622,36.56099513381995,1.0,21,42,0,60,generation-budget,2400,0
6,0.3,catastrophe,0,feasible-heuristic,True,126837.23455463751,62.15233888699059,45276.098750000005,30.029029320097855,36.68925030413625,1.0,17,45,0,60,generation-budget,2400,0
6,0.3,catastrophe,1,feasible-heuristic,True,126934.90507601202,62.27720366772156,45293.19879999999,30.00260241649513,35.980693430656935,1.0,21,41,1,60,generation-budget,2400,0
6,0.3,catastrophe,2,feasible-heuristic,True,126667.799780147,61.9357286378875,45284.910299999996,30.015411700123607,37.05729136253041,1.0,22,42,0,60,generation-budget,2400,0
6,0.3,catastrophe,3,feasible-heuristic,True,126418.70728577152,61.61728168732128,45291.08535,30.005868602232532,36.61372049878346,1.0,20,45,0,60,generation-budget,2400,0
6,0.3,catastrophe,4,feasible-heuristic,True,125434.44542131304,60.358973242174095,45271.44369999999,30.036223366759497,35.07462834549879,1.0,20,40,1,60,generation-budget,2400,0
6,0.3,combined,0,feasible-heuristic,True,126808.76736908301,62.1159456249063,45263.416699999994,30.048628520850805,36.59790450121655,1.0,17,43,0,60,generation-budget,2400,0
6,0.3,combined,1,feasible-heuristic,True,126340.88009234052,61.51778518309552,45261.90344999999,30.05096714043829,35.34183302919708,1.0,22,34,0,60,generation-budget,2400,0
6,0.3,combined,2,feasible-heuristic,True,127734.14142098698,63.29897021061597,45283.076299999986,30.018246015883363,37.129953771289536,1.0,21,44,0,60,generation-budget,2400,0
6,0.3,combined,3,feasible-heuristic,True,127495.8882804975,62.994380599267274,45277.51274999998,30.026844084283123,35.91773448905109,1.0,20,44,0,60,generation-budget,2400,0
6,0.3,combined,4,feasible-heuristic,True,127283.12198350704,62.72237409570018,45263.57429999998,30.048384961328622,36.56099513381995,1.0,21,42,0,60,generation-budget,2400,0
6,0.3,heuristic+ga,0,feasible-heuristic,True,122642.37791898502,56.789514499064865,45278.97649999999,30.024581963403428,34.829211070559616,1.0,18,30,2,60,generation-budget,2400,0
6,0.3,heuristic+ga,1,feasible-heuristic,True,122666.53406301503,56.82039640268499,45272.82349999999,30.034090984597384,34.78332299270074,1.0,16,33,4,60,generation-budget,2400,0
6,0.3,heuristic+ga,2,feasible-heuristic,True,122586.29800703704,56.71782033986257,45294.47129999998,30.000635858804692,34.76604805352798,1.0,16,32,3,60,generation-budget,2400,0
6,0.3,heuristic+ga,3,feasible-heuristic,True,122642.37791898502,56.789514499064865,45278.97649999999,30.024581963403428,34.829211070559616,1.0,18,30,3,60,generation-budget,2400,0
6,0.3,heuristic+ga,4,feasible-heuristic,True,122586.29800703704,56.71782033986257,45294.47129999998,30.000635858804692,34.76604805352798,1.0,16,32,3,60,generation-budget,2400,0
10,0.0,archive-only,,feasible-heuristic,True,78221.03302687149,-2.220446049250313e-14,64706.97535,-2.220446049250313e-14,16.630763686131388,0,0,0,0,0,archive-only,481,0
10,0.0,fixed,0,feasible-heuristic,True,81000.06264863699,3.552790744671963,64676.561299999994,0.04700273785861464,17.31489416058394,1.0,1,4,0,60,generation-budget,2400,0
10,0.0,fixed,1,feasible-heuristic,True,79665.53024169499,1.8466864459936838,64879.455500000004,-0.26655572921940873,17.10138929440389,0.75,0,2,0,60,generation-budget,2400,0
10,0.0,fixed,2,feasible-heuristic,True,80206.433281176,2.5381923217792757,65069.03239999999,-0.5595332621276539,16.90152798053528,0.75,0,2,0,60,generation-budget,2400,0
10,0.0,fixed,3,feasible-heuristic,True,80346.41310263998,2.7171465186842214,65515.736,-1.2498817100095039,17.039113746958634,0.75,0,2,0,60,generation-budget,2400,0
10,0.0,fixed,4,feasible-heuristic,True,79974.65314190448,2.241877979840212,65119.54705,-0.6376000388959691,16.80687986618005,0.5,0,3,0,60,generation-budget,2400,0
10,0.0,adaptive,0,feasible-heuristic,True,80379.85400963998,2.759898328147692,64725.03599999999,-0.027911442162631417,17.58900669099757,1.0,1,5,0,60,generation-budget,2400,0
10,0.0,adaptive,1,feasible-heuristic,True,79655.51900501497,1.8338877954356292,65034.873499999994,-0.5067431265739053,17.07024695863747,0.5,0,3,0,60,generation-budget,2400,0
10,0.0,adaptive,2,feasible-heuristic,True,80112.08535976148,2.4175752476195633,65174.686349999996,-0.7228138813012874,17.207977189781026,1.0,1,2,0,60,generation-budget,2400,0
10,0.0,adaptive,3,feasible-heuristic,True,80832.14969766249,3.3381260381641686,65306.17124999999,-0.9260143852481972,17.263307481751827,0.75,0,2,0,60,generation-budget,2400,0
10,0.0,adaptive,4,feasible-heuristic,True,80144.55914623749,2.4590906626165143,65119.43874999998,-0.637432668995852,17.338462591240877,1.0,2,4,0,60,generation-budget,2400,0
10,0.0,catastrophe,0,feasible-heuristic,True,81000.06264863699,3.552790744671963,64676.561299999994,0.04700273785861464,17.31489416058394,1.0,1,4,0,60,generation-budget,2400,0
10,0.0,catastrophe,1,feasible-heuristic,True,79665.53024169499,1.8466864459936838,64879.455500000004,-0.26655572921940873,17.10138929440389,0.75,0,2,0,60,generation-budget,2400,0
10,0.0,catastrophe,2,feasible-heuristic,True,80206.433281176,2.5381923217792757,65069.03239999999,-0.5595332621276539,16.90152798053528,0.75,0,2,0,60,generation-budget,2400,0
10,0.0,catastrophe,3,feasible-heuristic,True,80346.41310263998,2.7171465186842214,65515.736,-1.2498817100095039,17.039113746958634,0.75,0,2,0,60,generation-budget,2400,0
10,0.0,catastrophe,4,feasible-heuristic,True,79974.65314190448,2.241877979840212,65119.54705,-0.6376000388959691,16.80687986618005,0.5,0,3,0,60,generation-budget,2400,0
10,0.0,combined,0,feasible-heuristic,True,80379.85400963998,2.759898328147692,64725.03599999999,-0.027911442162631417,17.58900669099757,1.0,1,5,0,60,generation-budget,2400,0
10,0.0,combined,1,feasible-heuristic,True,79655.51900501497,1.8338877954356292,65034.873499999994,-0.5067431265739053,17.07024695863747,0.5,0,3,0,60,generation-budget,2400,0
10,0.0,combined,2,feasible-heuristic,True,80112.08535976148,2.4175752476195633,65174.686349999996,-0.7228138813012874,17.207977189781026,1.0,1,2,0,60,generation-budget,2400,0
10,0.0,combined,3,feasible-heuristic,True,80832.14969766249,3.3381260381641686,65306.17124999999,-0.9260143852481972,17.263307481751827,0.75,0,2,0,60,generation-budget,2400,0
10,0.0,combined,4,feasible-heuristic,True,80144.55914623749,2.4590906626165143,65119.43874999998,-0.637432668995852,17.338462591240877,1.0,2,4,0,60,generation-budget,2400,0
10,0.0,heuristic+ga,0,feasible-heuristic,True,78221.03302687149,-2.220446049250313e-14,64706.97535,-2.220446049250313e-14,16.630763686131388,0,0,0,0,1,objective-lower-bound-reached,40,0
10,0.0,heuristic+ga,1,feasible-heuristic,True,78221.03302687149,-2.220446049250313e-14,64706.97535,-2.220446049250313e-14,16.630763686131388,0,0,0,0,1,objective-lower-bound-reached,40,0
10,0.0,heuristic+ga,2,feasible-heuristic,True,78221.03302687149,-2.220446049250313e-14,64706.97535,-2.220446049250313e-14,16.630763686131388,0,0,0,0,1,objective-lower-bound-reached,40,0
10,0.0,heuristic+ga,3,feasible-heuristic,True,78221.03302687149,-2.220446049250313e-14,64706.97535,-2.220446049250313e-14,16.630763686131388,0,0,0,0,1,objective-lower-bound-reached,40,0
10,0.0,heuristic+ga,4,feasible-heuristic,True,78221.03302687149,-2.220446049250313e-14,64706.97535,-2.220446049250313e-14,16.630763686131388,0,0,0,0,1,objective-lower-bound-reached,40,0
10,0.095,archive-only,,feasible-heuristic,True,92908.86183863952,18.777339346467414,57401.99854999998,11.289318903390855,22.634749087591246,1.0,6,7,0,0,archive-only,6529,0
10,0.095,fixed,0,feasible-heuristic,True,97208.08630089696,24.2735905411819,58401.585300000006,9.744529111265265,23.877621654501226,1.0,6,17,0,60,generation-budget,2400,0
10,0.095,fixed,1,feasible-heuristic,True,95440.954342028,22.01443863473509,58275.99719999999,9.938616532784671,22.929291970802918,1.0,8,14,0,60,generation-budget,2400,0
10,0.095,fixed,2,feasible-heuristic,True,96044.3490886765,22.785835691638212,58497.16984999999,9.596810029229719,23.893929744525543,1.0,7,18,0,60,generation-budget,2400,0
10,0.095,fixed,3,feasible-heuristic,True,96243.261509099,23.04013100419713,58218.19009999999,10.027953269183365,24.50281903892944,1.0,7,18,0,60,generation-budget,2400,0
10,0.095,fixed,4,feasible-heuristic,True,96121.981281535,22.885082901569366,58343.9715,9.833567116346432,24.21012530413626,1.0,6,21,0,60,generation-budget,2400,0
10,0.095,adaptive,0,feasible-heuristic,True,96330.87076819847,23.15213318022231,58464.01765,9.648044381972475,24.39400273722628,1.0,6,18,0,60,generation-budget,2400,0
10,0.095,adaptive,1,feasible-heuristic,True,94015.30130503199,20.191843123235962,58466.4218,9.64432894018743,22.983162104622867,1.0,6,11,0,60,generation-budget,2400,0
10,0.095,adaptive,2,feasible-heuristic,True,94995.46983522047,21.444918533083545,58523.36545,9.556326603975618,22.935904805352802,1.0,8,14,0,60,generation-budget,2400,0
10,0.095,adaptive,3,feasible-heuristic,True,95530.55533305198,22.12898709766986,58515.99479999998,9.567717416110089,23.085711678832123,1.0,11,16,0,60,generation-budget,2400,0
10,0.095,adaptive,4,feasible-heuristic,True,95738.44081376301,22.394753826472357,58387.1987,9.766762572066344,23.457328467153292,1.0,4,17,0,60,generation-budget,2400,0
10,0.095,catastrophe,0,feasible-heuristic,True,97208.08630089696,24.2735905411819,58401.585300000006,9.744529111265265,23.877621654501226,1.0,6,17,0,60,generation-budget,2400,0
10,0.095,catastrophe,1,feasible-heuristic,True,95440.954342028,22.01443863473509,58275.99719999999,9.938616532784671,22.929291970802918,1.0,8,14,0,60,generation-budget,2400,0
10,0.095,catastrophe,2,feasible-heuristic,True,96044.3490886765,22.785835691638212,58497.16984999999,9.596810029229719,23.893929744525543,1.0,7,18,0,60,generation-budget,2400,0
10,0.095,catastrophe,3,feasible-heuristic,True,96243.261509099,23.04013100419713,58218.19009999999,10.027953269183365,24.50281903892944,1.0,7,18,0,60,generation-budget,2400,0
10,0.095,catastrophe,4,feasible-heuristic,True,96121.981281535,22.885082901569366,58343.9715,9.833567116346432,24.21012530413626,1.0,6,21,0,60,generation-budget,2400,0
10,0.095,combined,0,feasible-heuristic,True,96330.87076819847,23.15213318022231,58464.01765,9.648044381972475,24.39400273722628,1.0,6,18,0,60,generation-budget,2400,0
10,0.095,combined,1,feasible-heuristic,True,94015.30130503199,20.191843123235962,58466.4218,9.64432894018743,22.983162104622867,1.0,6,11,0,60,generation-budget,2400,0
10,0.095,combined,2,feasible-heuristic,True,94995.46983522047,21.444918533083545,58523.36545,9.556326603975618,22.935904805352802,1.0,8,14,0,60,generation-budget,2400,0
10,0.095,combined,3,feasible-heuristic,True,95530.55533305198,22.12898709766986,58515.99479999998,9.567717416110089,23.085711678832123,1.0,11,16,0,60,generation-budget,2400,0
10,0.095,combined,4,feasible-heuristic,True,95738.44081376301,22.394753826472357,58387.1987,9.766762572066344,23.457328467153292,1.0,4,17,0,60,generation-budget,2400,0
10,0.095,heuristic+ga,0,feasible-heuristic,True,91148.42809484451,16.526750629248287,58382.753049999985,9.773633006012561,22.169920012165452,1.0,5,7,2,60,generation-budget,2400,0
10,0.095,heuristic+ga,1,feasible-heuristic,True,91108.41985236602,16.475602950765513,58545.41339999998,9.522253074992493,21.873595498783455,1.0,5,9,2,60,generation-budget,2400,0
10,0.095,heuristic+ga,2,feasible-heuristic,True,91321.7220273535,16.74829453605078,58299.47714999999,9.902329950274835,22.14851672749392,1.0,6,6,1,60,generation-budget,2400,0
10,0.095,heuristic+ga,3,feasible-heuristic,True,91131.57688630151,16.505207563539614,58464.282349999994,9.647635307064306,22.190874391727498,1.0,6,6,1,60,generation-budget,2400,0
10,0.095,heuristic+ga,4,feasible-heuristic,True,91086.8621937235,16.448043024990678,58434.59014999999,9.693522477403215,22.183243004866185,1.0,5,7,0,60,generation-budget,2400,0
10,0.2,archive-only,,feasible-heuristic,True,108305.366308195,38.46066986994219,50872.805499999995,21.37971953590936,28.372345498783467,1.0,12,21,0,0,archive-only,9553,0
10,0.2,fixed,0,feasible-heuristic,True,111951.41149256303,43.121878042832826,51658.06869999999,20.166151453407423,29.180215328467156,1.0,16,36,0,60,generation-budget,2400,0
10,0.2,fixed,1,feasible-heuristic,True,111991.08092802248,43.172592580757474,51719.63525,20.071004756058343,29.82399847931874,1.0,12,37,0,60,generation-budget,2400,0
10,0.2,fixed,2,feasible-heuristic,True,111295.7711762175,42.28368875924169,51754.69074999998,20.01682898936492,30.094203467153292,1.0,17,31,0,60,generation-budget,2400,0
10,0.2,fixed,3,feasible-heuristic,True,111036.1864099465,41.951828188975604,51551.79284999998,20.33039317452815,29.50180626520682,1.0,14,31,0,60,generation-budget,2400,0
10,0.2,fixed,4,feasible-heuristic,True,111978.1045789485,43.15600324593045,51654.81764999999,20.17117571853867,30.74950182481753,1.0,12,34,0,60,generation-budget,2400,0
10,0.2,adaptive,0,feasible-heuristic,True,111890.03245003501,43.04340932393094,51739.62149999998,20.040117436890846,29.757756082725066,1.0,14,32,0,60,generation-budget,2400,0
10,0.2,adaptive,1,feasible-heuristic,True,112767.40400622452,44.16506614977227,51746.11505,20.03008212004147,31.006269160583944,1.0,14,33,0,60,generation-budget,2400,0
10,0.2,adaptive,2,feasible-heuristic,True,110065.69329581498,40.711122107021765,51694.543499999985,20.109782260128483,29.804289537712894,1.0,13,31,0,60,generation-budget,2400,0
10,0.2,adaptive,3,feasible-heuristic,True,111312.22110166252,42.30471881319069,51700.14624999999,20.101123610933858,30.03596289537713,1.0,13,32,0,60,generation-budget,2400,0
10,0.2,adaptive,4,feasible-heuristic,True,112049.34261420851,43.24707598238427,51419.66665,20.534584761733875,30.756485705596116,1.0,12,29,0,60,generation-budget,2400,0
10,0.2,catastrophe,0,feasible-heuristic,True,111951.41149256303,43.121878042832826,51658.06869999999,20.166151453407423,29.180215328467156,1.0,16,36,0,60,generation-budget,2400,0
10,0.2,catastrophe,1,feasible-heuristic,True,111991.08092802248,43.172592580757474,51719.63525,20.071004756058343,29.82399847931874,1.0,12,37,0,60,generation-budget,2400,0
10,0.2,catastrophe,2,feasible-heuristic,True,111295.7711762175,42.28368875924169,51754.69074999998,20.01682898936492,30.094203467153292,1.0,17,31,0,60,generation-budget,2400,0
10,0.2,catastrophe,3,feasible-heuristic,True,111036.1864099465,41.951828188975604,51551.79284999998,20.33039317452815,29.50180626520682,1.0,14,31,0,60,generation-budget,2400,0
10,0.2,catastrophe,4,feasible-heuristic,True,111978.1045789485,43.15600324593045,51654.81764999999,20.17117571853867,30.74950182481753,1.0,12,34,0,60,generation-budget,2400,0
10,0.2,combined,0,feasible-heuristic,True,111890.03245003501,43.04340932393094,51739.62149999998,20.040117436890846,29.757756082725066,1.0,14,32,0,60,generation-budget,2400,0
10,0.2,combined,1,feasible-heuristic,True,112767.40400622452,44.16506614977227,51746.11505,20.03008212004147,31.006269160583944,1.0,14,33,0,60,generation-budget,2400,0
10,0.2,combined,2,feasible-heuristic,True,110065.69329581498,40.711122107021765,51694.543499999985,20.109782260128483,29.804289537712894,1.0,13,31,0,60,generation-budget,2400,0
10,0.2,combined,3,feasible-heuristic,True,111312.22110166252,42.30471881319069,51700.14624999999,20.101123610933858,30.03596289537713,1.0,13,32,0,60,generation-budget,2400,0
10,0.2,combined,4,feasible-heuristic,True,112049.34261420851,43.24707598238427,51419.66665,20.534584761733875,30.756485705596116,1.0,12,29,0,60,generation-budget,2400,0
10,0.2,heuristic+ga,0,feasible-heuristic,True,106771.45350926802,36.499671990509896,51737.773199999996,20.042973852277267,27.877757299270087,1.0,11,21,3,60,generation-budget,2400,0
10,0.2,heuristic+ga,1,feasible-heuristic,True,106296.67392949102,35.892700231885975,51747.07589999999,20.028597195124508,27.54310948905111,1.0,12,19,4,60,generation-budget,2400,0
10,0.2,heuristic+ga,2,feasible-heuristic,True,106323.58377617752,35.92710254753586,51721.19474999999,20.068594660405502,28.008092153284682,1.0,12,17,3,60,generation-budget,2400,0
10,0.2,heuristic+ga,3,feasible-heuristic,True,106444.28079839902,36.081405063816916,51749.88509999999,20.024255777549648,27.566021897810234,1.0,12,20,2,60,generation-budget,2400,0
10,0.2,heuristic+ga,4,feasible-heuristic,True,106895.655483137,36.65845533696137,51724.36129999999,20.063700983977462,27.874310218978113,1.0,12,20,3,60,generation-budget,2400,0
10,0.3,archive-only,,feasible-heuristic,True,122886.57090936702,57.10169778395975,44994.98829999999,30.463465404429545,34.30174695863747,1.0,18,34,0,0,archive-only,12577,0
10,0.3,fixed,0,feasible-heuristic,True,127586.16792424205,63.10979667119967,45277.87579999999,30.02628301648782,36.41995802919708,1.0,25,44,0,60,generation-budget,2400,0
10,0.3,fixed,1,feasible-heuristic,True,126837.69184637751,62.152923501795975,45284.79974999999,30.015582547237706,37.95109793187349,1.0,22,53,0,60,generation-budget,2400,0
10,0.3,fixed,2,feasible-heuristic,True,126734.01373647753,62.02037844851809,45220.164749999996,30.1154713144848,35.640138990267644,1.0,21,47,0,60,generation-budget,2400,0
10,0.3,fixed,3,feasible-heuristic,True,128180.25451369851,63.8692939144186,45155.092650000006,30.2160355885032,38.348064476885654,1.0,19,53,0,60,generation-budget,2400,0
10,0.3,fixed,4,feasible-heuristic,True,129099.2795381985,65.04420172237899,45287.017649999994,30.01215494149967,37.424752737226285,1.0,18,54,0,60,generation-budget,2400,0
10,0.3,adaptive,0,feasible-heuristic,True,127941.75063331901,63.56438375004176,45275.643099999994,30.029733494566745,36.346845498783466,1.0,19,45,0,60,generation-budget,2400,0
10,0.3,adaptive,1,feasible-heuristic,True,128007.69500214353,63.648688912314256,45294.248149999985,30.000980721161174,36.29469981751826,1.0,20,57,0,60,generation-budget,2400,0
10,0.3,adaptive,2,feasible-heuristic,True,126936.53400527303,62.27928613735663,45292.67269999999,30.00341546639764,36.39169860097324,1.0,19,47,0,60,generation-budget,2400,0
10,0.3,adaptive,3,feasible-heuristic,True,125979.94573367402,61.056356402753906,45269.48259999998,30.039254106474033,35.53208454987835,1.0,23,37,0,60,generation-budget,2400,0
10,0.3,adaptive,4,feasible-heuristic,True,128544.478860427,64.33492870935076,45278.8823,30.02472754276251,38.26242883211679,1.0,23,51,0,60,generation-budget,2400,0
10,0.3,catastrophe,0,feasible-heuristic,True,127586.16792424205,63.10979667119967,45277.87579999999,30.02628301648782,36.41995802919708,1.0,25,44,0,60,generation-budget,2400,0
10,0.3,catastrophe,1,feasible-heuristic,True,126837.69184637751,62.152923501795975,45284.79974999999,30.015582547237706,37.95109793187349,1.0,22,53,0,60,generation-budget,2400,0
10,0.3,catastrophe,2,feasible-heuristic,True,126734.01373647753,62.02037844851809,45220.164749999996,30.1154713144848,35.640138990267644,1.0,21,47,0,60,generation-budget,2400,0
10,0.3,catastrophe,3,feasible-heuristic,True,128180.25451369851,63.8692939144186,45155.092650000006,30.2160355885032,38.348064476885654,1.0,19,53,0,60,generation-budget,2400,0
10,0.3,catastrophe,4,feasible-heuristic,True,129099.2795381985,65.04420172237899,45287.017649999994,30.01215494149967,37.424752737226285,1.0,18,54,0,60,generation-budget,2400,0
10,0.3,combined,0,feasible-heuristic,True,127941.75063331901,63.56438375004176,45275.643099999994,30.029733494566745,36.346845498783466,1.0,19,45,0,60,generation-budget,2400,0
10,0.3,combined,1,feasible-heuristic,True,128007.69500214353,63.648688912314256,45294.248149999985,30.000980721161174,36.29469981751826,1.0,20,57,0,60,generation-budget,2400,0
10,0.3,combined,2,feasible-heuristic,True,126936.53400527303,62.27928613735663,45292.67269999999,30.00341546639764,36.39169860097324,1.0,19,47,0,60,generation-budget,2400,0
10,0.3,combined,3,feasible-heuristic,True,125979.94573367402,61.056356402753906,45269.48259999998,30.039254106474033,35.53208454987835,1.0,23,37,0,60,generation-budget,2400,0
10,0.3,combined,4,feasible-heuristic,True,128544.478860427,64.33492870935076,45278.8823,30.02472754276251,38.26242883211679,1.0,23,51,0,60,generation-budget,2400,0
10,0.3,heuristic+ga,0,feasible-heuristic,True,122260.268909505,56.301015441082924,45285.4245,30.014617040819537,34.30174695863747,1.0,18,33,3,60,generation-budget,2400,0
10,0.3,heuristic+ga,1,feasible-heuristic,True,122329.74805976702,56.38983956878032,45252.4483,30.065579398156807,34.3293892944039,1.0,18,33,4,60,generation-budget,2400,0
10,0.3,heuristic+ga,2,feasible-heuristic,True,122260.268909505,56.301015441082924,45285.4245,30.014617040819537,34.30174695863747,1.0,18,33,4,60,generation-budget,2400,0
10,0.3,heuristic+ga,3,feasible-heuristic,True,122260.268909505,56.301015441082924,45285.4245,30.014617040819537,34.30174695863747,1.0,18,33,3,60,generation-budget,2400,0
10,0.3,heuristic+ga,4,feasible-heuristic,True,122260.268909505,56.301015441082924,45285.4245,30.014617040819537,34.30174695863747,1.0,18,33,3,60,generation-budget,2400,0
14,0.0,archive-only,,feasible-heuristic,True,78221.03302687149,-2.220446049250313e-14,64706.97535,-2.220446049250313e-14,16.630763686131388,0,0,0,0,0,archive-only,673,0
14,0.0,fixed,0,feasible-heuristic,True,81768.70132205749,4.535440351404252,64621.10675,0.13270377657977894,18.40464142335767,1.0,2,9,0,60,generation-budget,2400,0
14,0.0,fixed,1,feasible-heuristic,True,82496.39312087899,5.465742305574972,65512.1371,-1.2443198675952338,18.010793795620444,0.75,0,8,0,60,generation-budget,2400,0
14,0.0,fixed,2,feasible-heuristic,True,81432.75022999551,4.105950891776988,65359.51295,-1.0084501654890055,17.536123783454983,0.75,0,5,0,60,generation-budget,2400,0
14,0.0,fixed,3,feasible-heuristic,True,81102.75528427599,3.6840759395424083,65093.09739999999,-0.5967239975465777,17.98544981751825,1.0,2,5,0,60,generation-budget,2400,0
14,0.0,fixed,4,feasible-heuristic,True,82441.03480752399,5.394970658598663,65552.0976,-1.3060759607889771,18.224657542579067,1.0,1,8,0,60,generation-budget,2400,0
14,0.0,adaptive,0,feasible-heuristic,True,81461.0102251895,4.142079275793953,65802.09354999999,-1.6924268119109298,17.473736922141114,1.0,2,4,0,60,generation-budget,2400,0
14,0.0,adaptive,1,feasible-heuristic,True,82096.12713582448,4.954030852062208,65335.65505000001,-0.9715794883001116,18.384210158150854,1.0,3,8,0,60,generation-budget,2400,0
14,0.0,adaptive,2,feasible-heuristic,True,82336.479185098,5.261303768275094,65435.940200000005,-1.126563011262749,17.846544403892942,1.0,2,8,0,60,generation-budget,2400,0
14,0.0,adaptive,3,feasible-heuristic,True,80894.36644306351,3.4176657003156974,65384.406149999995,-1.04692082474227,17.56432998783455,1.0,1,5,0,60,generation-budget,2400,0
14,0.0,adaptive,4,feasible-heuristic,True,81526.54942016801,4.225866452263483,65794.1832,-1.6802019320472095,18.06782664233577,0.75,0,5,0,60,generation-budget,2400,0
14,0.0,catastrophe,0,feasible-heuristic,True,81768.70132205749,4.535440351404252,64621.10675,0.13270377657977894,18.40464142335767,1.0,2,9,0,60,generation-budget,2400,0
14,0.0,catastrophe,1,feasible-heuristic,True,82496.39312087899,5.465742305574972,65512.1371,-1.2443198675952338,18.010793795620444,0.75,0,8,0,60,generation-budget,2400,0
14,0.0,catastrophe,2,feasible-heuristic,True,81432.75022999551,4.105950891776988,65359.51295,-1.0084501654890055,17.536123783454983,0.75,0,5,0,60,generation-budget,2400,0
14,0.0,catastrophe,3,feasible-heuristic,True,81102.75528427599,3.6840759395424083,65093.09739999999,-0.5967239975465777,17.98544981751825,1.0,2,5,0,60,generation-budget,2400,0
14,0.0,catastrophe,4,feasible-heuristic,True,82441.03480752399,5.394970658598663,65552.0976,-1.3060759607889771,18.224657542579067,1.0,1,8,0,60,generation-budget,2400,0
14,0.0,combined,0,feasible-heuristic,True,81461.0102251895,4.142079275793953,65802.09354999999,-1.6924268119109298,17.473736922141114,1.0,2,4,0,60,generation-budget,2400,0
14,0.0,combined,1,feasible-heuristic,True,82096.12713582448,4.954030852062208,65335.65505000001,-0.9715794883001116,18.384210158150854,1.0,3,8,0,60,generation-budget,2400,0
14,0.0,combined,2,feasible-heuristic,True,82336.479185098,5.261303768275094,65435.940200000005,-1.126563011262749,17.846544403892942,1.0,2,8,0,60,generation-budget,2400,0
14,0.0,combined,3,feasible-heuristic,True,80894.36644306351,3.4176657003156974,65384.406149999995,-1.04692082474227,17.56432998783455,1.0,1,5,0,60,generation-budget,2400,0
14,0.0,combined,4,feasible-heuristic,True,81526.54942016801,4.225866452263483,65794.1832,-1.6802019320472095,18.06782664233577,0.75,0,5,0,60,generation-budget,2400,0
14,0.0,heuristic+ga,0,feasible-heuristic,True,78221.03302687149,-2.220446049250313e-14,64706.97535,-2.220446049250313e-14,16.630763686131388,0,0,0,0,1,objective-lower-bound-reached,40,0
14,0.0,heuristic+ga,1,feasible-heuristic,True,78221.03302687149,-2.220446049250313e-14,64706.97535,-2.220446049250313e-14,16.630763686131388,0,0,0,0,1,objective-lower-bound-reached,40,0
14,0.0,heuristic+ga,2,feasible-heuristic,True,78221.03302687149,-2.220446049250313e-14,64706.97535,-2.220446049250313e-14,16.630763686131388,0,0,0,0,1,objective-lower-bound-reached,40,0
14,0.0,heuristic+ga,3,feasible-heuristic,True,78221.03302687149,-2.220446049250313e-14,64706.97535,-2.220446049250313e-14,16.630763686131388,0,0,0,0,1,objective-lower-bound-reached,40,0
14,0.0,heuristic+ga,4,feasible-heuristic,True,78221.03302687149,-2.220446049250313e-14,64706.97535,-2.220446049250313e-14,16.630763686131388,0,0,0,0,1,objective-lower-bound-reached,40,0
14,0.095,archive-only,,feasible-heuristic,True,93459.06998126351,19.480741131553756,57129.336149999996,11.710699130986345,22.70984884428224,1.0,6,8,0,0,archive-only,10033,0
14,0.095,fixed,0,feasible-heuristic,True,97549.182238969,24.709657318713308,58368.82809999999,9.795153019774094,24.565847323600977,1.0,7,29,0,60,generation-budget,2400,0
14,0.095,fixed,1,feasible-heuristic,True,97235.005477459,24.30800478441082,58451.60409999999,9.667228635189185,24.121648114355246,1.0,7,23,0,60,generation-budget,2400,0
14,0.095,fixed,2,feasible-heuristic,True,95616.482018648,22.238838223730163,58510.085199999994,9.576850280021631,23.991965936739664,1.0,10,25,0,60,generation-budget,2400,0
14,0.095,fixed,3,feasible-heuristic,True,96340.9798247675,23.165056886516954,58550.46075,9.514452756753677,25.423333333333332,1.0,9,31,0,60,generation-budget,2400,0
14,0.095,fixed,4,feasible-heuristic,True,96687.5539490575,23.608127133583288,58345.90675,9.830576325957097,23.587280109489058,1.0,5,21,0,60,generation-budget,2400,0
14,0.095,adaptive,0,feasible-heuristic,True,96043.61929238352,22.784902699238675,58556.22414999999,9.505545834480122,22.366140815085156,1.0,6,28,0,60,generation-budget,2400,0
14,0.095,adaptive,1,feasible-heuristic,True,96125.89037979499,22.89008040429814,58540.0205,9.530587416028858,24.873781326034063,1.0,8,30,0,60,generation-budget,2400,0
14,0.095,adaptive,2,feasible-heuristic,True,96420.10367489098,23.266211073647547,58373.16089999999,9.788456987427407,23.828275243309005,1.0,7,17,0,60,generation-budget,2400,0
14,0.095,adaptive,3,feasible-heuristic,True,96796.51009723602,23.74741978156083,58557.05139999999,9.504267378802778,24.264673053527986,1.0,6,29,0,60,generation-budget,2400,0
14,0.095,adaptive,4,feasible-heuristic,True,95421.5584613995,21.989642387641496,58511.22254999999,9.575092586984912,23.83856599756691,1.0,8,28,0,60,generation-budget,2400,0
14,0.095,catastrophe,0,feasible-heuristic,True,97549.182238969,24.709657318713308,58368.82809999999,9.795153019774094,24.565847323600977,1.0,7,29,0,60,generation-budget,2400,0
14,0.095,catastrophe,1,feasible-heuristic,True,97235.005477459,24.30800478441082,58451.60409999999,9.667228635189185,24.121648114355246,1.0,7,23,0,60,generation-budget,2400,0
14,0.095,catastrophe,2,feasible-heuristic,True,95616.482018648,22.238838223730163,58510.085199999994,9.576850280021631,23.991965936739664,1.0,10,25,0,60,generation-budget,2400,0
14,0.095,catastrophe,3,feasible-heuristic,True,96340.9798247675,23.165056886516954,58550.46075,9.514452756753677,25.423333333333332,1.0,9,31,0,60,generation-budget,2400,0
14,0.095,catastrophe,4,feasible-heuristic,True,96687.5539490575,23.608127133583288,58345.90675,9.830576325957097,23.587280109489058,1.0,5,21,0,60,generation-budget,2400,0
14,0.095,combined,0,feasible-heuristic,True,96043.61929238352,22.784902699238675,58556.22414999999,9.505545834480122,22.366140815085156,1.0,6,28,0,60,generation-budget,2400,0
14,0.095,combined,1,feasible-heuristic,True,96125.89037979499,22.89008040429814,58540.0205,9.530587416028858,24.873781326034063,1.0,8,30,0,60,generation-budget,2400,0
14,0.095,combined,2,feasible-heuristic,True,96420.10367489098,23.266211073647547,58373.16089999999,9.788456987427407,23.828275243309005,1.0,7,17,0,60,generation-budget,2400,0
14,0.095,combined,3,feasible-heuristic,True,96796.51009723602,23.74741978156083,58557.05139999999,9.504267378802778,24.264673053527986,1.0,6,29,0,60,generation-budget,2400,0
14,0.095,combined,4,feasible-heuristic,True,95421.5584613995,21.989642387641496,58511.22254999999,9.575092586984912,23.83856599756691,1.0,8,28,0,60,generation-budget,2400,0
14,0.095,heuristic+ga,0,feasible-heuristic,True,90876.68254271951,16.179343363440847,58553.59055,9.50961587482082,21.671493613138686,1.0,5,8,3,60,generation-budget,2400,0
14,0.095,heuristic+ga,1,feasible-heuristic,True,90664.21432843352,15.907717937306408,58541.369149999984,9.528503173962699,21.266935218978105,1.0,4,8,2,60,generation-budget,2400,0
14,0.095,heuristic+ga,2,feasible-heuristic,True,90770.3473321585,16.04340139687992,58540.371649999994,9.53004473883201,21.153227798053532,1.0,6,8,2,60,generation-budget,2400,0
14,0.095,heuristic+ga,3,feasible-heuristic,True,90969.6076149195,16.298141426575686,58526.37055,9.551682436969289,21.951839111922144,1.0,6,8,3,60,generation-budget,2400,0
14,0.095,heuristic+ga,4,feasible-heuristic,True,90722.68362492952,15.98246675387589,58553.119549999996,9.51034377161627,21.641986313868617,1.0,5,7,2,60,generation-budget,2400,0
14,0.2,archive-only,,feasible-heuristic,True,108500.8258919855,38.71055097765315,50671.81394999999,21.69033759356518,29.82228558394162,1.0,15,25,0,0,archive-only,15025,0
14,0.2,fixed,0,feasible-heuristic,True,114132.90879092853,45.910766419717454,51753.11964999999,20.019257011987655,32.16722445255474,1.0,16,48,0,60,generation-budget,2400,0
14,0.2,fixed,1,feasible-heuristic,True,112843.66771629053,44.26256385226337,51626.383449999994,20.215118739899495,30.669757907542582,1.0,14,41,0,60,generation-budget,2400,0
14,0.2,fixed,2,feasible-heuristic,True,111938.16134860102,43.104938680810534,51729.164899999996,20.056277363921016,30.147335766423367,1.0,12,40,0,60,generation-budget,2400,0
14,0.2,fixed,3,feasible-heuristic,True,113201.96356867751,44.720619490909705,51763.81974999999,20.002720773132243,31.557220194647204,1.0,13,39,0,60,generation-budget,2400,0
14,0.2,fixed,4,feasible-heuristic,True,112695.23867184452,44.07280792767079,51500.05305000001,20.410353332950194,30.420650547445252,1.0,14,30,0,60,generation-budget,2400,0
14,0.2,adaptive,0,feasible-heuristic,True,113168.95393993,44.67841903986711,51686.75699999999,20.12181573867987,30.54220012165451,1.0,13,40,0,60,generation-budget,2400,0
14,0.2,adaptive,1,feasible-heuristic,True,113383.07354252001,44.952155647917856,51601.248000000014,20.25396377919244,31.096086982968366,1.0,14,33,0,60,generation-budget,2400,0
14,0.2,adaptive,2,feasible-heuristic,True,112011.573061516,43.19879030878604,51743.87339999999,20.033546429704973,29.695670012165454,1.0,12,37,0,60,generation-budget,2400,0
14,0.2,adaptive,3,feasible-heuristic,True,113402.02490851798,44.9763836148273,51716.5982,20.07569829950334,30.66088077858881,1.0,22,36,0,60,generation-budget,2400,0
14,0.2,adaptive,4,feasible-heuristic,True,113979.19189940802,45.71425036058066,51712.2592,20.082403913506354,31.515010340632607,1.0,15,38,0,60,generation-budget,2400,0
14,0.2,catastrophe,0,feasible-heuristic,True,114132.90879092853,45.910766419717454,51753.11964999999,20.019257011987655,32.16722445255474,1.0,16,48,0,60,generation-budget,2400,0
14,0.2,catastrophe,1,feasible-heuristic,True,112843.66771629053,44.26256385226337,51626.383449999994,20.215118739899495,30.669757907542582,1.0,14,41,0,60,generation-budget,2400,0
14,0.2,catastrophe,2,feasible-heuristic,True,111938.16134860102,43.104938680810534,51729.164899999996,20.056277363921016,30.147335766423367,1.0,12,40,0,60,generation-budget,2400,0
14,0.2,catastrophe,3,feasible-heuristic,True,113201.96356867751,44.720619490909705,51763.81974999999,20.002720773132243,31.557220194647204,1.0,13,39,0,60,generation-budget,2400,0
14,0.2,catastrophe,4,feasible-heuristic,True,112695.23867184452,44.07280792767079,51500.05305000001,20.410353332950194,30.420650547445252,1.0,14,30,0,60,generation-budget,2400,0
14,0.2,combined,0,feasible-heuristic,True,113168.95393993,44.67841903986711,51686.75699999999,20.12181573867987,30.54220012165451,1.0,13,40,0,60,generation-budget,2400,0
14,0.2,combined,1,feasible-heuristic,True,113383.07354252001,44.952155647917856,51601.248000000014,20.25396377919244,31.096086982968366,1.0,14,33,0,60,generation-budget,2400,0
14,0.2,combined,2,feasible-heuristic,True,112011.573061516,43.19879030878604,51743.87339999999,20.033546429704973,29.695670012165454,1.0,12,37,0,60,generation-budget,2400,0
14,0.2,combined,3,feasible-heuristic,True,113402.02490851798,44.9763836148273,51716.5982,20.07569829950334,30.66088077858881,1.0,22,36,0,60,generation-budget,2400,0
14,0.2,combined,4,feasible-heuristic,True,113979.19189940802,45.71425036058066,51712.2592,20.082403913506354,31.515010340632607,1.0,15,38,0,60,generation-budget,2400,0
14,0.2,heuristic+ga,0,feasible-heuristic,True,106395.4751770215,36.01901056519048,51733.210349999994,20.050025410436678,28.819431569343077,1.0,14,23,3,60,generation-budget,2400,0
14,0.2,heuristic+ga,1,feasible-heuristic,True,106644.0815619765,36.33683605960656,51682.33985,20.128642127915498,29.21992974452556,1.0,15,23,4,60,generation-budget,2400,0
14,0.2,heuristic+ga,2,feasible-heuristic,True,106696.98147183751,36.404464813426316,51758.128749999996,20.011515806386704,27.99094495133821,1.0,13,22,2,60,generation-budget,2400,0
14,0.2,heuristic+ga,3,feasible-heuristic,True,106413.3423067005,36.04185241346023,51726.96744999999,20.059673365647445,28.915146289537727,1.0,15,20,3,60,generation-budget,2400,0
14,0.2,heuristic+ga,4,feasible-heuristic,True,106412.2064316875,36.04040027844098,51745.89374999999,20.03042412335536,28.80627463503651,1.0,12,22,2,60,generation-budget,2400,0
14,0.3,archive-only,,feasible-heuristic,True,121484.04834295853,55.3086729258929,45259.29164999999,30.055003490439002,34.13828193430658,1.0,18,38,0,0,archive-only,19393,0
14,0.3,fixed,0,feasible-heuristic,True,129574.87067071353,65.65221099317402,45287.266149999996,30.01177090253222,40.117976277372264,1.0,28,58,0,60,generation-budget,2400,0
14,0.3,fixed,1,feasible-heuristic,True,128753.1042383655,64.60164134387558,45251.05094999999,30.067738902588047,38.2972493917275,1.0,27,55,0,60,generation-budget,2400,0
14,0.3,fixed,2,feasible-heuristic,True,127735.90732825152,63.30122779683825,45140.71235,30.238259313105097,39.29452128953771,1.0,20,61,0,60,generation-budget,2400,0
14,0.3,fixed,3,feasible-heuristic,True,128591.85854906951,64.39550025489176,45196.08054999999,30.152691722129777,38.432714111922145,1.0,18,55,0,60,generation-budget,2400,0
14,0.3,fixed,4,feasible-heuristic,True,128721.85076611902,64.56168601340107,45266.738099999995,30.043495534828768,39.50220590024332,1.0,24,55,0,60,generation-budget,2400,0
14,0.3,adaptive,0,feasible-heuristic,True,129153.07458840504,65.11297484915177,45286.909499999994,30.01232207958551,38.44363108272506,1.0,19,54,0,60,generation-budget,2400,0
14,0.3,adaptive,1,feasible-heuristic,True,127802.04598547405,63.38578134294113,45273.67759999999,30.032771034166426,39.03828984184914,1.0,23,53,0,60,generation-budget,2400,0
14,0.3,adaptive,2,feasible-heuristic,True,129775.116215291,65.90821060968213,45291.62089999999,30.00504094803128,38.9041846107056,1.0,20,64,0,60,generation-budget,2400,0
14,0.3,adaptive,3,feasible-heuristic,True,128715.79903535506,64.55394930815723,45250.339499999995,30.068838397651977,38.9772694647202,1.0,21,61,0,60,generation-budget,2400,0
14,0.3,adaptive,4,feasible-heuristic,True,128806.67729447952,64.67013066706775,45259.28954999999,30.05500673583873,39.3855796836983,1.0,17,65,0,60,generation-budget,2400,0
14,0.3,catastrophe,0,feasible-heuristic,True,129574.87067071353,65.65221099317402,45287.266149999996,30.01177090253222,40.117976277372264,1.0,28,58,0,60,generation-budget,2400,0
14,0.3,catastrophe,1,feasible-heuristic,True,128753.1042383655,64.60164134387558,45251.05094999999,30.067738902588047,38.2972493917275,1.0,27,55,0,60,generation-budget,2400,0
14,0.3,catastrophe,2,feasible-heuristic,True,127735.90732825152,63.30122779683825,45140.71235,30.238259313105097,39.29452128953771,1.0,20,61,0,60,generation-budget,2400,0
14,0.3,catastrophe,3,feasible-heuristic,True,128591.85854906951,64.39550025489176,45196.08054999999,30.152691722129777,38.432714111922145,1.0,18,55,0,60,generation-budget,2400,0
14,0.3,catastrophe,4,feasible-heuristic,True,128721.85076611902,64.56168601340107,45266.738099999995,30.043495534828768,39.50220590024332,1.0,24,55,0,60,generation-budget,2400,0
14,0.3,combined,0,feasible-heuristic,True,129153.07458840504,65.11297484915177,45286.909499999994,30.01232207958551,38.44363108272506,1.0,19,54,0,60,generation-budget,2400,0
14,0.3,combined,1,feasible-heuristic,True,127802.04598547405,63.38578134294113,45273.67759999999,30.032771034166426,39.03828984184914,1.0,23,53,0,60,generation-budget,2400,0
14,0.3,combined,2,feasible-heuristic,True,129775.116215291,65.90821060968213,45291.62089999999,30.00504094803128,38.9041846107056,1.0,20,64,0,60,generation-budget,2400,0
14,0.3,combined,3,feasible-heuristic,True,128715.79903535506,64.55394930815723,45250.339499999995,30.068838397651977,38.9772694647202,1.0,21,61,0,60,generation-budget,2400,0
14,0.3,combined,4,feasible-heuristic,True,128806.67729447952,64.67013066706775,45259.28954999999,30.05500673583873,39.3855796836983,1.0,17,65,0,60,generation-budget,2400,0
14,0.3,heuristic+ga,0,feasible-heuristic,True,121484.04834295853,55.3086729258929,45259.29164999999,30.055003490439002,34.13828193430658,1.0,18,38,4,60,generation-budget,2400,0
14,0.3,heuristic+ga,1,feasible-heuristic,True,121484.04834295853,55.3086729258929,45259.29164999999,30.055003490439002,34.13828193430658,1.0,18,38,4,60,generation-budget,2400,0
14,0.3,heuristic+ga,2,feasible-heuristic,True,121484.04834295853,55.3086729258929,45259.29164999999,30.055003490439002,34.13828193430658,1.0,18,38,4,60,generation-budget,2400,0
14,0.3,heuristic+ga,3,feasible-heuristic,True,121484.04834295853,55.3086729258929,45259.29164999999,30.055003490439002,34.13828193430658,1.0,18,38,4,60,generation-budget,2400,0
14,0.3,heuristic+ga,4,feasible-heuristic,True,121484.04834295853,55.3086729258929,45259.29164999999,30.055003490439002,34.13828193430658,1.0,18,38,4,60,generation-budget,2400,0
